"","00773606200810000",""
"","",""
"","",""
"","",""
