"Рабочая платформа (узлы монтажной подставки)",""
"",""
"",""
