"ZTH3513","",""
"","",""
